c pr pri pd pdr 
 8.000e+01  8.386e-04  1.303e-03  2.045e-03  1.165e-03
 8.025e+01  8.317e-04  1.320e-03  2.088e-03  1.179e-03
 8.050e+01  8.248e-04  1.338e-03  2.133e-03  1.193e-03
 8.075e+01  8.188e-04  1.356e-03  2.179e-03  1.207e-03
 8.100e+01  8.169e-04  1.375e-03  2.228e-03  1.222e-03
 8.125e+01  8.210e-04  1.394e-03  2.278e-03  1.237e-03
 8.150e+01  8.278e-04  1.414e-03  2.332e-03  1.253e-03
 8.175e+01  8.347e-04  1.434e-03  2.387e-03  1.269e-03
 8.200e+01  8.418e-04  1.455e-03  2.446e-03  1.285e-03
 8.225e+01  8.489e-04  1.476e-03  2.507e-03  1.302e-03
 8.250e+01  8.562e-04  1.498e-03  2.572e-03  1.319e-03
 8.275e+01  8.636e-04  1.521e-03  2.639e-03  1.337e-03
 8.300e+01  8.711e-04  1.545e-03  2.711e-03  1.355e-03
 8.325e+01  8.788e-04  1.569e-03  2.787e-03  1.373e-03
 8.350e+01  8.865e-04  1.594e-03  2.867e-03  1.392e-03
 8.375e+01  8.945e-04  1.620e-03  2.951e-03  1.412e-03
 8.400e+01  9.025e-04  1.647e-03  3.041e-03  1.432e-03
 8.425e+01  9.108e-04  1.674e-03  3.136e-03  1.453e-03
 8.450e+01  9.191e-04  1.703e-03  3.233e-03  1.475e-03
 8.475e+01  9.277e-04  1.732e-03  3.274e-03  1.497e-03
 8.500e+01  9.364e-04  1.763e-03  3.218e-03  1.519e-03
 8.525e+01  9.452e-04  1.794e-03  3.117e-03  1.543e-03
 8.550e+01  9.542e-04  1.827e-03  3.043e-03  1.567e-03
 8.575e+01  9.634e-04  1.861e-03  3.038e-03  1.592e-03
 8.600e+01  9.728e-04  1.896e-03  3.108e-03  1.618e-03
 8.625e+01  9.823e-04  1.933e-03  3.207e-03  1.644e-03
 8.650e+01  9.921e-04  1.971e-03  3.314e-03  1.672e-03
 8.675e+01  1.002e-03  2.011e-03  3.427e-03  1.700e-03
 8.700e+01  1.012e-03  2.052e-03  3.549e-03  1.730e-03
 8.725e+01  1.023e-03  2.095e-03  3.680e-03  1.760e-03
 8.750e+01  1.033e-03  2.140e-03  3.821e-03  1.792e-03
 8.775e+01  1.044e-03  2.187e-03  3.972e-03  1.824e-03
 8.800e+01  1.055e-03  2.236e-03  4.137e-03  1.858e-03
 8.825e+01  1.066e-03  2.287e-03  4.316e-03  1.893e-03
 8.850e+01  1.078e-03  2.340e-03  4.510e-03  1.930e-03
 8.875e+01  1.089e-03  2.396e-03  4.724e-03  1.968e-03
 8.900e+01  1.101e-03  2.455e-03  4.958e-03  2.008e-03
 8.925e+01  1.114e-03  2.517e-03  5.217e-03  2.049e-03
 8.950e+01  1.126e-03  2.582e-03  5.505e-03  2.092e-03
 8.975e+01  1.139e-03  2.650e-03  5.826e-03  2.136e-03
 9.000e+01  1.152e-03  2.723e-03  6.187e-03  2.183e-03
 9.025e+01  1.166e-03  2.799e-03  6.596e-03  2.232e-03
 9.050e+01  1.179e-03  2.879e-03  7.063e-03  2.283e-03
 9.075e+01  1.193e-03  2.965e-03  7.602e-03  2.336e-03
 9.100e+01  1.208e-03  3.056e-03  8.229e-03  2.392e-03
 9.125e+01  1.223e-03  3.152e-03  8.970e-03  2.450e-03
 9.150e+01  1.238e-03  3.255e-03  9.858e-03  2.512e-03
 9.175e+01  1.253e-03  3.364e-03  1.094e-02  2.577e-03
 9.200e+01  1.269e-03  3.481e-03  1.230e-02  2.645e-03
 9.225e+01  1.285e-03  3.607e-03  1.404e-02  2.717e-03
 9.250e+01  1.302e-03  3.742e-03  1.636e-02  2.793e-03
 9.275e+01  1.319e-03  3.888e-03  1.963e-02  2.873e-03
 9.300e+01  1.337e-03  4.045e-03  2.457e-02  2.958e-03
 9.325e+01  1.355e-03  4.216e-03  3.284e-02  3.048e-03
 9.350e+01  1.374e-03  4.401e-03  4.756e-02  3.144e-03
 9.375e+01  1.393e-03  4.604e-03  7.304e-02  3.246e-03
 9.400e+01  1.413e-03  4.770e-03  1.112e-01  3.355e-03
 9.425e+01  1.433e-03  4.780e-03  1.582e-01  3.442e-03
 9.450e+01  1.454e-03  4.622e-03  2.065e-01  3.445e-03
 9.475e+01  1.475e-03  4.418e-03  2.508e-01  3.361e-03
 9.500e+01  1.497e-03  4.231e-03  2.877e-01  3.252e-03
 9.525e+01  1.520e-03  4.118e-03  3.101e-01  3.149e-03
 9.550e+01  1.543e-03  4.159e-03  3.132e-01  3.053e-03
 9.575e+01  1.568e-03  4.316e-03  3.031e-01  2.963e-03
 9.600e+01  1.592e-03  4.511e-03  2.874e-01  2.877e-03
 9.625e+01  1.618e-03  4.725e-03  2.630e-01  2.797e-03
 9.650e+01  1.645e-03  4.959e-03  2.295e-01  2.738e-03
 9.675e+01  1.672e-03  5.218e-03  1.969e-01  2.735e-03
 9.700e+01  1.701e-03  5.506e-03  1.696e-01  2.792e-03
 9.725e+01  1.730e-03  5.828e-03  1.426e-01  2.872e-03
 9.750e+01  1.761e-03  6.189e-03  1.158e-01  2.957e-03
 9.775e+01  1.792e-03  6.598e-03  9.336e-02  3.047e-03
 9.800e+01  1.825e-03  7.065e-03  7.622e-02  3.143e-03
 9.825e+01  1.859e-03  7.604e-03  6.336e-02  3.245e-03
 9.850e+01  1.894e-03  8.232e-03  5.305e-02  3.354e-03
 9.875e+01  1.931e-03  8.974e-03  4.442e-02  3.470e-03
 9.900e+01  1.969e-03  9.863e-03  3.719e-02  3.595e-03
 9.925e+01  2.008e-03  1.095e-02  3.112e-02  3.729e-03
 9.950e+01  2.050e-03  1.230e-02  2.614e-02  3.874e-03
 9.975e+01  2.092e-03  1.405e-02  2.225e-02  4.030e-03
 1.000e+02  2.137e-03  1.638e-02  1.917e-02  4.199e-03
 1.002e+02  2.184e-03  1.964e-02  1.666e-02  4.384e-03
 1.005e+02  2.233e-03  2.457e-02  1.460e-02  4.585e-03
 1.008e+02  2.284e-03  3.267e-02  1.289e-02  4.805e-03
 1.010e+02  2.337e-03  4.677e-02  1.149e-02  5.048e-03
 1.012e+02  2.393e-03  7.038e-02  1.035e-02  5.317e-03
 1.015e+02  2.452e-03  1.053e-01  9.406e-03  5.616e-03
 1.018e+02  2.513e-03  1.509e-01  8.608e-03  5.951e-03
 1.020e+02  2.578e-03  2.071e-01  7.930e-03  6.328e-03
 1.022e+02  2.646e-03  2.678e-01  7.350e-03  6.756e-03
 1.025e+02  2.718e-03  3.200e-01  6.847e-03  7.247e-03
 1.028e+02  2.794e-03  3.580e-01  6.408e-03  7.815e-03
 1.030e+02  2.875e-03  3.791e-01  6.021e-03  8.480e-03
 1.032e+02  2.960e-03  3.781e-01  5.679e-03  9.269e-03
 1.035e+02  3.050e-03  3.557e-01  5.373e-03  1.022e-02
 1.038e+02  3.146e-03  3.197e-01  5.099e-03  1.139e-02
 1.040e+02  3.248e-03  2.723e-01  4.851e-03  1.287e-02
 1.042e+02  3.357e-03  2.166e-01  4.627e-03  1.478e-02
 1.045e+02  3.474e-03  1.653e-01  4.422e-03  1.736e-02
 1.048e+02  3.599e-03  1.225e-01  4.234e-03  2.096e-02
 1.050e+02  3.734e-03  8.755e-02  4.062e-03  2.616e-02
 1.052e+02  3.879e-03  6.165e-02  3.904e-03  3.377e-02
 1.055e+02  4.035e-03  4.359e-02  3.757e-03  4.469e-02
 1.058e+02  4.205e-03  3.182e-02  3.621e-03  5.928e-02
 1.060e+02  4.390e-03  2.438e-02  3.494e-03  7.745e-02
 1.062e+02  4.592e-03  1.960e-02  3.376e-03  9.952e-02
 1.065e+02  4.813e-03  1.637e-02  3.266e-03  1.265e-01
 1.068e+02  5.056e-03  1.405e-02  3.162e-03  1.574e-01
 1.070e+02  5.326e-03  1.230e-02  3.065e-03  1.902e-01
 1.072e+02  5.626e-03  1.095e-02  2.974e-03  2.245e-01
 1.075e+02  5.962e-03  9.862e-03  2.888e-03  2.557e-01
 1.078e+02  6.341e-03  8.973e-03  2.807e-03  2.771e-01
 1.080e+02  6.771e-03  8.232e-03  2.730e-03  2.886e-01
 1.082e+02  7.264e-03  7.604e-03  2.658e-03  2.931e-01
 1.085e+02  7.835e-03  7.065e-03  2.589e-03  2.847e-01
 1.088e+02  8.504e-03  6.598e-03  2.524e-03  2.628e-01
 1.090e+02  9.297e-03  6.189e-03  2.462e-03  2.394e-01
 1.092e+02  1.025e-02  5.827e-03  2.402e-03  2.147e-01
 1.095e+02  1.143e-02  5.506e-03  2.346e-03  1.827e-01
 1.098e+02  1.291e-02  5.218e-03  2.292e-03  1.508e-01
 1.100e+02  1.482e-02  4.959e-03  2.263e-03  1.236e-01
 1.102e+02  1.736e-02  4.725e-03  2.282e-03  9.898e-02
 1.105e+02  2.080e-02  4.511e-03  2.332e-03  7.732e-02
 1.108e+02  2.541e-02  4.316e-03  2.388e-03  5.914e-02
 1.110e+02  3.151e-02  4.138e-03  2.446e-03  4.497e-02
 1.112e+02  3.941e-02  3.973e-03  2.508e-03  3.441e-02
 1.115e+02  4.927e-02  3.844e-03  2.572e-03  2.683e-02
 1.118e+02  6.115e-02  3.817e-03  2.640e-03  2.151e-02
 1.120e+02  7.490e-02  3.918e-03  2.712e-03  1.778e-02
 1.122e+02  9.019e-02  4.078e-03  2.787e-03  1.511e-02
 1.125e+02  1.061e-01  4.251e-03  2.867e-03  1.312e-02
 1.128e+02  1.212e-01  4.440e-03  2.952e-03  1.159e-02
 1.130e+02  1.352e-01  4.647e-03  3.042e-03  1.038e-02
 1.132e+02  1.483e-01  4.793e-03  3.137e-03  9.398e-03
 1.135e+02  1.594e-01  4.758e-03  3.233e-03  8.588e-03
 1.138e+02  1.684e-01  4.580e-03  3.274e-03  7.906e-03
 1.140e+02  1.767e-01  4.379e-03  3.217e-03  7.325e-03
 1.142e+02  1.838e-01  4.195e-03  3.116e-03  6.824e-03
 1.145e+02  1.881e-01  4.026e-03  3.022e-03  6.387e-03
 1.148e+02  1.891e-01  3.870e-03  2.933e-03  6.003e-03
 1.150e+02  1.861e-01  3.726e-03  2.850e-03  5.663e-03
 1.152e+02  1.812e-01  3.592e-03  2.771e-03  5.359e-03
 1.155e+02  1.764e-01  3.467e-03  2.696e-03  5.086e-03
 1.158e+02  1.686e-01  3.351e-03  2.625e-03  4.839e-03
 1.160e+02  1.563e-01  3.242e-03  2.558e-03  4.616e-03
 1.162e+02  1.424e-01  3.141e-03  2.494e-03  4.412e-03
 1.165e+02  1.310e-01  3.045e-03  2.434e-03  4.225e-03
 1.168e+02  1.201e-01  2.955e-03  2.376e-03  4.054e-03
 1.170e+02  1.069e-01  2.870e-03  2.321e-03  3.896e-03
 1.172e+02  9.389e-02  2.790e-03  2.268e-03  3.750e-03
 1.175e+02  8.286e-02  2.714e-03  2.218e-03  3.614e-03
 1.178e+02  7.241e-02  2.642e-03  2.169e-03  3.488e-03
 1.180e+02  6.256e-02  2.574e-03  2.123e-03  3.370e-03
 1.182e+02  5.365e-02  2.510e-03  2.079e-03  3.260e-03
 1.185e+02  4.563e-02  2.448e-03  2.037e-03  3.157e-03
 1.188e+02  3.879e-02  2.390e-03  1.996e-03  3.061e-03
 1.190e+02  3.300e-02  2.334e-03  1.957e-03  2.970e-03
 1.192e+02  2.807e-02  2.281e-03  1.920e-03  2.884e-03
 1.195e+02  2.397e-02  2.230e-03  1.883e-03  2.816e-03
 1.198e+02  2.056e-02  2.181e-03  1.849e-03  2.804e-03
 1.200e+02  1.775e-02  2.135e-03  1.815e-03  2.858e-03
 1.202e+02  1.547e-02  2.090e-03  1.783e-03  2.942e-03
 1.205e+02  1.363e-02  2.047e-03  1.751e-03  3.031e-03
 1.208e+02  1.213e-02  2.006e-03  1.721e-03  3.126e-03
 1.210e+02  1.091e-02  1.967e-03  1.692e-03  3.227e-03
 1.212e+02  9.899e-03  1.929e-03  1.664e-03  3.335e-03
 1.215e+02  9.064e-03  1.892e-03  1.637e-03  3.432e-03
 1.218e+02  8.357e-03  1.857e-03  1.610e-03  3.456e-03
 1.220e+02  7.751e-03  1.823e-03  1.585e-03  3.382e-03
 1.222e+02  7.232e-03  1.791e-03  1.560e-03  3.271e-03
 1.225e+02  6.777e-03  1.759e-03  1.536e-03  3.167e-03
 1.228e+02  6.369e-03  1.729e-03  1.513e-03  3.070e-03
 1.230e+02  6.005e-03  1.699e-03  1.490e-03  2.979e-03
 1.232e+02  5.679e-03  1.671e-03  1.468e-03  2.892e-03
 1.235e+02  5.387e-03  1.643e-03  1.447e-03  2.811e-03
 1.238e+02  5.121e-03  1.617e-03  1.427e-03  2.734e-03
 1.240e+02  4.879e-03  1.591e-03  1.407e-03  2.661e-03
 1.242e+02  4.657e-03  1.566e-03  1.387e-03  2.592e-03
 1.245e+02  4.452e-03  1.542e-03  1.368e-03  2.527e-03
 1.248e+02  4.263e-03  1.519e-03  1.350e-03  2.465e-03
 1.250e+02  4.090e-03  1.496e-03  1.332e-03  2.405e-03
 1.252e+02  3.931e-03  1.474e-03  1.314e-03  2.349e-03
 1.255e+02  3.783e-03  1.452e-03  1.297e-03  2.295e-03
 1.258e+02  3.646e-03  1.432e-03  1.280e-03  2.243e-03
 1.260e+02  3.517e-03  1.411e-03  1.264e-03  2.194e-03
 1.262e+02  3.398e-03  1.392e-03  1.248e-03  2.147e-03
 1.265e+02  3.286e-03  1.373e-03  1.233e-03  2.102e-03
 1.268e+02  3.182e-03  1.354e-03  1.218e-03  2.059e-03
 1.270e+02  3.084e-03  1.336e-03  1.203e-03  2.017e-03
 1.272e+02  2.991e-03  1.318e-03  1.189e-03  1.977e-03
 1.275e+02  2.904e-03  1.301e-03  1.175e-03  1.939e-03
 1.278e+02  2.822e-03  1.285e-03  1.161e-03  1.902e-03
 1.280e+02  2.745e-03  1.268e-03  1.148e-03  1.866e-03
 1.282e+02  2.672e-03  1.252e-03  1.135e-03  1.832e-03
 1.285e+02  2.602e-03  1.237e-03  1.122e-03  1.799e-03
 1.288e+02  2.536e-03  1.222e-03  1.110e-03  1.767e-03
 1.290e+02  2.473e-03  1.207e-03  1.098e-03  1.737e-03
 1.292e+02  2.414e-03  1.193e-03  1.086e-03  1.707e-03
 1.295e+02  2.357e-03  1.179e-03  1.074e-03  1.678e-03
 1.298e+02  2.302e-03  1.165e-03  1.063e-03  1.651e-03
 1.300e+02  2.250e-03  1.151e-03  1.051e-03  1.624e-03
