m V Vr 
 0.000e+00  0.000e+00  0.000e+00
 1.000e+00  5.416e-02  2.468e-03
 2.000e+00  9.994e-02  4.929e-03
 3.000e+00  1.432e-01  7.375e-03
 4.000e+00  1.810e-01  9.806e-03
 5.000e+00  2.171e-01  1.222e-02
 6.000e+00  2.500e-01  1.463e-02
 7.000e+00  2.795e-01  1.704e-02
 8.000e+00  3.035e-01  1.943e-02
 9.000e+00  3.263e-01  2.182e-02
 1.000e+01  3.474e-01  2.421e-02
 1.100e+01  3.665e-01  2.658e-02
 1.200e+01  3.844e-01  2.894e-02
 1.300e+01  4.018e-01  3.130e-02
 1.400e+01  4.185e-01  3.366e-02
 1.500e+01  4.347e-01  3.600e-02
 1.600e+01  4.503e-01  3.834e-02
 1.700e+01  4.650e-01  4.068e-02
 1.800e+01  4.790e-01  4.301e-02
 1.900e+01  4.924e-01  4.533e-02
 2.000e+01  5.053e-01  4.764e-02
 2.100e+01  5.171e-01  4.995e-02
 2.200e+01  5.289e-01  5.226e-02
 2.300e+01  5.391e-01  5.456e-02
 2.400e+01  5.489e-01  5.685e-02
 2.500e+01  5.585e-01  5.914e-02
 2.600e+01  5.678e-01  6.142e-02
 2.700e+01  5.769e-01  6.370e-02
 2.800e+01  5.858e-01  6.597e-02
 2.900e+01  5.944e-01  6.824e-02
 3.000e+01  6.028e-01  7.049e-02
 3.100e+01  6.110e-01  7.275e-02
 3.200e+01  6.189e-01  7.500e-02
 3.300e+01  6.266e-01  7.724e-02
 3.400e+01  6.341e-01  7.948e-02
 3.500e+01  6.414e-01  8.171e-02
 3.600e+01  6.483e-01  8.394e-02
 3.700e+01  6.551e-01  8.615e-02
 3.800e+01  6.616e-01  8.837e-02
 3.900e+01  6.681e-01  9.058e-02
 4.000e+01  6.743e-01  9.279e-02
 4.100e+01  6.804e-01  9.500e-02
 4.200e+01  6.863e-01  9.720e-02
 4.300e+01  6.919e-01  9.939e-02
 4.400e+01  6.975e-01  1.016e-01
 4.500e+01  7.031e-01  1.038e-01
 4.600e+01  7.084e-01  1.060e-01
 4.700e+01  7.135e-01  1.081e-01
 4.800e+01  7.185e-01  1.103e-01
 4.900e+01  7.235e-01  1.125e-01
 5.000e+01  7.283e-01  1.146e-01
 5.100e+01  7.330e-01  1.168e-01
 5.200e+01  7.376e-01  1.190e-01
 5.300e+01  7.421e-01  1.211e-01
 5.400e+01  7.465e-01  1.233e-01
 5.500e+01  7.508e-01  1.254e-01
 5.600e+01  7.549e-01  1.276e-01
 5.700e+01  7.590e-01  1.297e-01
 5.800e+01  7.630e-01  1.318e-01
 5.900e+01  7.669e-01  1.340e-01
 6.000e+01  7.708e-01  1.361e-01
 6.100e+01  7.745e-01  1.382e-01
 6.200e+01  7.782e-01  1.403e-01
 6.300e+01  7.818e-01  1.424e-01
 6.400e+01  7.854e-01  1.445e-01
 6.500e+01  7.889e-01  1.466e-01
 6.600e+01  7.924e-01  1.487e-01
 6.700e+01  7.957e-01  1.508e-01
 6.800e+01  7.990e-01  1.529e-01
 6.900e+01  8.022e-01  1.550e-01
 7.000e+01  8.054e-01  1.571e-01
 7.100e+01  8.085e-01  1.592e-01
 7.200e+01  8.116e-01  1.613e-01
 7.300e+01  8.145e-01  1.634e-01
 7.400e+01  8.174e-01  1.654e-01
 7.500e+01  8.203e-01  1.675e-01
 7.600e+01  8.231e-01  1.696e-01
 7.700e+01  8.259e-01  1.716e-01
 7.800e+01  8.286e-01  1.737e-01
 7.900e+01  8.312e-01  1.757e-01
 8.000e+01  8.338e-01  1.778e-01
 8.100e+01  8.364e-01  1.798e-01
 8.200e+01  8.389e-01  1.819e-01
 8.300e+01  8.414e-01  1.839e-01
 8.400e+01  8.439e-01  1.859e-01
 8.500e+01  8.462e-01  1.880e-01
 8.600e+01  8.486e-01  1.900e-01
 8.700e+01  8.510e-01  1.920e-01
 8.800e+01  8.533e-01  1.940e-01
 8.900e+01  8.555e-01  1.960e-01
 9.000e+01  8.577e-01  1.981e-01
 9.100e+01  8.599e-01  2.001e-01
 9.200e+01  8.620e-01  2.021e-01
 9.300e+01  8.640e-01  2.041e-01
 9.400e+01  8.660e-01  2.061e-01
 9.500e+01  8.680e-01  2.081e-01
 9.600e+01  8.700e-01  2.101e-01
 9.700e+01  8.719e-01  2.120e-01
 9.800e+01  8.738e-01  2.140e-01
 9.900e+01  8.757e-01  2.160e-01
 1.000e+02  8.775e-01  2.180e-01
 1.010e+02  8.794e-01  2.200e-01
 1.020e+02  8.812e-01  2.219e-01
 1.030e+02  8.830e-01  2.239e-01
 1.040e+02  8.847e-01  2.258e-01
 1.050e+02  8.864e-01  2.278e-01
 1.060e+02  8.881e-01  2.298e-01
 1.070e+02  8.898e-01  2.317e-01
 1.080e+02  8.914e-01  2.337e-01
 1.090e+02  8.930e-01  2.356e-01
 1.100e+02  8.946e-01  2.376e-01
 1.110e+02  8.961e-01  2.395e-01
 1.120e+02  8.977e-01  2.414e-01
 1.130e+02  8.992e-01  2.434e-01
 1.140e+02  9.006e-01  2.453e-01
 1.150e+02  9.020e-01  2.472e-01
 1.160e+02  9.035e-01  2.492e-01
 1.170e+02  9.049e-01  2.511e-01
 1.180e+02  9.062e-01  2.530e-01
 1.190e+02  9.076e-01  2.549e-01
 1.200e+02  9.090e-01  2.568e-01
 1.210e+02  9.103e-01  2.587e-01
 1.220e+02  9.116e-01  2.606e-01
 1.230e+02  9.128e-01  2.625e-01
 1.240e+02  9.141e-01  2.644e-01
 1.250e+02  9.153e-01  2.663e-01
 1.260e+02  9.165e-01  2.682e-01
 1.270e+02  9.177e-01  2.701e-01
 1.280e+02  9.189e-01  2.720e-01
 1.290e+02  9.201e-01  2.739e-01
 1.300e+02  9.212e-01  2.758e-01
 1.310e+02  9.223e-01  2.777e-01
 1.320e+02  9.234e-01  2.795e-01
 1.330e+02  9.245e-01  2.814e-01
 1.340e+02  9.255e-01  2.833e-01
 1.350e+02  9.266e-01  2.851e-01
 1.360e+02  9.277e-01  2.870e-01
 1.370e+02  9.287e-01  2.889e-01
 1.380e+02  9.297e-01  2.907e-01
 1.390e+02  9.307e-01  2.926e-01
 1.400e+02  9.317e-01  2.944e-01
 1.410e+02  9.327e-01  2.963e-01
 1.420e+02  9.336e-01  2.981e-01
 1.430e+02  9.346e-01  2.999e-01
 1.440e+02  9.355e-01  3.018e-01
 1.450e+02  9.364e-01  3.036e-01
 1.460e+02  9.373e-01  3.054e-01
 1.470e+02  9.382e-01  3.073e-01
 1.480e+02  9.391e-01  3.091e-01
 1.490e+02  9.399e-01  3.109e-01
 1.500e+02  9.407e-01  3.127e-01
 1.510e+02  9.416e-01  3.145e-01
 1.520e+02  9.424e-01  3.163e-01
 1.530e+02  9.432e-01  3.182e-01
 1.540e+02  9.439e-01  3.200e-01
 1.550e+02  9.447e-01  3.218e-01
 1.560e+02  9.455e-01  3.236e-01
 1.570e+02  9.462e-01  3.254e-01
 1.580e+02  9.469e-01  3.272e-01
 1.590e+02  9.477e-01  3.290e-01
 1.600e+02  9.484e-01  3.308e-01
 1.610e+02  9.491e-01  3.325e-01
 1.620e+02  9.498e-01  3.343e-01
 1.630e+02  9.504e-01  3.361e-01
 1.640e+02  9.511e-01  3.379e-01
 1.650e+02  9.518e-01  3.397e-01
 1.660e+02  9.524e-01  3.415e-01
 1.670e+02  9.531e-01  3.432e-01
 1.680e+02  9.537e-01  3.450e-01
 1.690e+02  9.543e-01  3.468e-01
 1.700e+02  9.549e-01  3.485e-01
 1.710e+02  9.555e-01  3.503e-01
 1.720e+02  9.561e-01  3.521e-01
 1.730e+02  9.567e-01  3.538e-01
 1.740e+02  9.573e-01  3.556e-01
 1.750e+02  9.579e-01  3.573e-01
 1.760e+02  9.584e-01  3.591e-01
 1.770e+02  9.590e-01  3.608e-01
 1.780e+02  9.595e-01  3.626e-01
 1.790e+02  9.600e-01  3.643e-01
 1.800e+02  9.605e-01  3.660e-01
 1.810e+02  9.610e-01  3.678e-01
 1.820e+02  9.615e-01  3.695e-01
 1.830e+02  9.620e-01  3.712e-01
 1.840e+02  9.625e-01  3.730e-01
 1.850e+02  9.630e-01  3.747e-01
 1.860e+02  9.635e-01  3.764e-01
 1.870e+02  9.639e-01  3.781e-01
 1.880e+02  9.644e-01  3.798e-01
 1.890e+02  9.649e-01  3.816e-01
 1.900e+02  9.653e-01  3.833e-01
 1.910e+02  9.657e-01  3.850e-01
 1.920e+02  9.662e-01  3.867e-01
 1.930e+02  9.666e-01  3.884e-01
 1.940e+02  9.670e-01  3.901e-01
 1.950e+02  9.674e-01  3.918e-01
 1.960e+02  9.678e-01  3.935e-01
 1.970e+02  9.682e-01  3.952e-01
 1.980e+02  9.686e-01  3.969e-01
 1.990e+02  9.690e-01  3.985e-01
 2.000e+02  9.694e-01  4.002e-01
 2.010e+02  9.698e-01  4.019e-01
 2.020e+02  9.701e-01  4.036e-01
 2.030e+02  9.705e-01  4.052e-01
 2.040e+02  9.708e-01  4.069e-01
 2.050e+02  9.712e-01  4.086e-01
 2.060e+02  9.715e-01  4.102e-01
 2.070e+02  9.719e-01  4.119e-01
 2.080e+02  9.722e-01  4.136e-01
 2.090e+02  9.725e-01  4.152e-01
 2.100e+02  9.728e-01  4.169e-01
 2.110e+02  9.732e-01  4.185e-01
 2.120e+02  9.735e-01  4.202e-01
 2.130e+02  9.738e-01  4.218e-01
 2.140e+02  9.741e-01  4.235e-01
 2.150e+02  9.744e-01  4.251e-01
 2.160e+02  9.747e-01  4.268e-01
 2.170e+02  9.750e-01  4.284e-01
 2.180e+02  9.753e-01  4.300e-01
 2.190e+02  9.756e-01  4.317e-01
 2.200e+02  9.758e-01  4.333e-01
 2.210e+02  9.761e-01  4.349e-01
 2.220e+02  9.764e-01  4.365e-01
 2.230e+02  9.767e-01  4.382e-01
 2.240e+02  9.769e-01  4.398e-01
 2.250e+02  9.772e-01  4.414e-01
 2.260e+02  9.774e-01  4.430e-01
 2.270e+02  9.777e-01  4.446e-01
 2.280e+02  9.779e-01  4.462e-01
 2.290e+02  9.782e-01  4.478e-01
 2.300e+02  9.784e-01  4.494e-01
 2.310e+02  9.786e-01  4.510e-01
 2.320e+02  9.789e-01  4.526e-01
 2.330e+02  9.791e-01  4.542e-01
 2.340e+02  9.793e-01  4.558e-01
 2.350e+02  9.795e-01  4.574e-01
 2.360e+02  9.797e-01  4.590e-01
 2.370e+02  9.800e-01  4.606e-01
 2.380e+02  9.802e-01  4.622e-01
 2.390e+02  9.804e-01  4.638e-01
 2.400e+02  9.806e-01  4.654e-01
 2.410e+02  9.808e-01  4.669e-01
 2.420e+02  9.810e-01  4.685e-01
 2.430e+02  9.812e-01  4.701e-01
 2.440e+02  9.814e-01  4.717e-01
 2.450e+02  9.816e-01  4.732e-01
 2.460e+02  9.818e-01  4.748e-01
 2.470e+02  9.820e-01  4.764e-01
 2.480e+02  9.822e-01  4.779e-01
 2.490e+02  9.824e-01  4.795e-01
 2.500e+02  9.825e-01  4.810e-01
 2.510e+02  9.827e-01  4.826e-01
 2.520e+02  9.829e-01  4.841e-01
 2.530e+02  9.831e-01  4.857e-01
 2.540e+02  9.832e-01  4.872e-01
 2.550e+02  9.834e-01  4.888e-01
 2.560e+02  9.836e-01  4.903e-01
 2.570e+02  9.837e-01  4.918e-01
 2.580e+02  9.839e-01  4.934e-01
 2.590e+02  9.840e-01  4.949e-01
 2.600e+02  9.842e-01  4.964e-01
 2.610e+02  9.843e-01  4.980e-01
 2.620e+02  9.845e-01  4.995e-01
 2.630e+02  9.846e-01  5.010e-01
 2.640e+02  9.848e-01  5.025e-01
 2.650e+02  9.849e-01  5.041e-01
 2.660e+02  9.851e-01  5.056e-01
 2.670e+02  9.852e-01  5.071e-01
 2.680e+02  9.853e-01  5.086e-01
 2.690e+02  9.855e-01  5.101e-01
 2.700e+02  9.856e-01  5.116e-01
 2.710e+02  9.857e-01  5.131e-01
 2.720e+02  9.859e-01  5.146e-01
 2.730e+02  9.860e-01  5.161e-01
 2.740e+02  9.861e-01  5.176e-01
 2.750e+02  9.863e-01  5.191e-01
 2.760e+02  9.864e-01  5.206e-01
 2.770e+02  9.865e-01  5.221e-01
 2.780e+02  9.866e-01  5.236e-01
 2.790e+02  9.867e-01  5.251e-01
 2.800e+02  9.869e-01  5.265e-01
 2.810e+02  9.870e-01  5.280e-01
 2.820e+02  9.871e-01  5.295e-01
 2.830e+02  9.872e-01  5.310e-01
 2.840e+02  9.873e-01  5.324e-01
 2.850e+02  9.874e-01  5.339e-01
 2.860e+02  9.875e-01  5.354e-01
 2.870e+02  9.876e-01  5.369e-01
 2.880e+02  9.877e-01  5.383e-01
 2.890e+02  9.878e-01  5.398e-01
 2.900e+02  9.879e-01  5.412e-01
 2.910e+02  9.880e-01  5.427e-01
 2.920e+02  9.881e-01  5.442e-01
 2.930e+02  9.882e-01  5.456e-01
 2.940e+02  9.883e-01  5.471e-01
 2.950e+02  9.884e-01  5.485e-01
 2.960e+02  9.885e-01  5.500e-01
 2.970e+02  9.886e-01  5.514e-01
 2.980e+02  9.887e-01  5.528e-01
 2.990e+02  9.888e-01  5.543e-01
 3.000e+02  9.889e-01  5.557e-01
 3.010e+02  9.890e-01  5.572e-01
 3.020e+02  9.891e-01  5.586e-01
 3.030e+02  9.892e-01  5.600e-01
 3.040e+02  9.892e-01  5.614e-01
 3.050e+02  9.893e-01  5.629e-01
 3.060e+02  9.894e-01  5.643e-01
 3.070e+02  9.895e-01  5.657e-01
 3.080e+02  9.896e-01  5.671e-01
 3.090e+02  9.897e-01  5.685e-01
 3.100e+02  9.897e-01  5.700e-01
 3.110e+02  9.898e-01  5.714e-01
 3.120e+02  9.899e-01  5.728e-01
 3.130e+02  9.900e-01  5.742e-01
 3.140e+02  9.900e-01  5.756e-01
 3.150e+02  9.901e-01  5.770e-01
 3.160e+02  9.902e-01  5.784e-01
 3.170e+02  9.903e-01  5.798e-01
 3.180e+02  9.903e-01  5.812e-01
 3.190e+02  9.904e-01  5.826e-01
 3.200e+02  9.905e-01  5.840e-01
 3.210e+02  9.905e-01  5.854e-01
 3.220e+02  9.906e-01  5.868e-01
 3.230e+02  9.907e-01  5.882e-01
 3.240e+02  9.907e-01  5.895e-01
 3.250e+02  9.908e-01  5.909e-01
 3.260e+02  9.909e-01  5.923e-01
 3.270e+02  9.909e-01  5.937e-01
 3.280e+02  9.910e-01  5.951e-01
 3.290e+02  9.911e-01  5.964e-01
 3.300e+02  9.911e-01  5.978e-01
 3.310e+02  9.912e-01  5.992e-01
 3.320e+02  9.913e-01  6.005e-01
 3.330e+02  9.913e-01  6.019e-01
 3.340e+02  9.914e-01  6.032e-01
 3.350e+02  9.915e-01  6.046e-01
 3.360e+02  9.915e-01  6.060e-01
 3.370e+02  9.916e-01  6.073e-01
 3.380e+02  9.916e-01  6.087e-01
 3.390e+02  9.917e-01  6.100e-01
 3.400e+02  9.917e-01  6.114e-01
 3.410e+02  9.918e-01  6.127e-01
 3.420e+02  9.919e-01  6.141e-01
 3.430e+02  9.919e-01  6.154e-01
 3.440e+02  9.920e-01  6.167e-01
 3.450e+02  9.920e-01  6.181e-01
 3.460e+02  9.921e-01  6.194e-01
 3.470e+02  9.921e-01  6.207e-01
 3.480e+02  9.922e-01  6.221e-01
 3.490e+02  9.922e-01  6.234e-01
 3.500e+02  9.923e-01  6.247e-01
 3.510e+02  9.923e-01  6.260e-01
 3.520e+02  9.924e-01  6.274e-01
 3.530e+02  9.924e-01  6.287e-01
 3.540e+02  9.925e-01  6.300e-01
 3.550e+02  9.925e-01  6.313e-01
 3.560e+02  9.926e-01  6.326e-01
 3.570e+02  9.926e-01  6.339e-01
 3.580e+02  9.927e-01  6.352e-01
 3.590e+02  9.927e-01  6.365e-01
 3.600e+02  9.928e-01  6.379e-01
 3.610e+02  9.928e-01  6.392e-01
 3.620e+02  9.929e-01  6.405e-01
 3.630e+02  9.929e-01  6.417e-01
 3.640e+02  9.930e-01  6.430e-01
 3.650e+02  9.930e-01  6.443e-01
 3.660e+02  9.931e-01  6.456e-01
 3.670e+02  9.931e-01  6.469e-01
 3.680e+02  9.932e-01  6.482e-01
 3.690e+02  9.932e-01  6.495e-01
 3.700e+02  9.932e-01  6.508e-01
 3.710e+02  9.933e-01  6.520e-01
 3.720e+02  9.933e-01  6.533e-01
 3.730e+02  9.934e-01  6.546e-01
 3.740e+02  9.934e-01  6.559e-01
 3.750e+02  9.935e-01  6.571e-01
 3.760e+02  9.935e-01  6.584e-01
 3.770e+02  9.935e-01  6.597e-01
 3.780e+02  9.936e-01  6.609e-01
 3.790e+02  9.936e-01  6.622e-01
 3.800e+02  9.937e-01  6.634e-01
 3.810e+02  9.937e-01  6.647e-01
 3.820e+02  9.938e-01  6.660e-01
 3.830e+02  9.938e-01  6.672e-01
 3.840e+02  9.938e-01  6.685e-01
 3.850e+02  9.939e-01  6.697e-01
 3.860e+02  9.939e-01  6.709e-01
 3.870e+02  9.940e-01  6.722e-01
 3.880e+02  9.940e-01  6.734e-01
 3.890e+02  9.940e-01  6.747e-01
 3.900e+02  9.941e-01  6.759e-01
 3.910e+02  9.941e-01  6.771e-01
 3.920e+02  9.941e-01  6.784e-01
 3.930e+02  9.942e-01  6.796e-01
 3.940e+02  9.942e-01  6.808e-01
 3.950e+02  9.943e-01  6.821e-01
 3.960e+02  9.943e-01  6.833e-01
 3.970e+02  9.943e-01  6.845e-01
 3.980e+02  9.944e-01  6.857e-01
 3.990e+02  9.944e-01  6.869e-01
 4.000e+02  9.944e-01  6.881e-01
 4.010e+02  9.945e-01  6.893e-01
 4.020e+02  9.945e-01  6.906e-01
 4.030e+02  9.946e-01  6.918e-01
 4.040e+02  9.946e-01  6.930e-01
 4.050e+02  9.946e-01  6.942e-01
 4.060e+02  9.947e-01  6.954e-01
 4.070e+02  9.947e-01  6.966e-01
 4.080e+02  9.947e-01  6.978e-01
 4.090e+02  9.948e-01  6.989e-01
 4.100e+02  9.948e-01  7.001e-01
 4.110e+02  9.948e-01  7.013e-01
 4.120e+02  9.949e-01  7.025e-01
 4.130e+02  9.949e-01  7.037e-01
 4.140e+02  9.949e-01  7.049e-01
 4.150e+02  9.950e-01  7.060e-01
 4.160e+02  9.950e-01  7.072e-01
 4.170e+02  9.950e-01  7.084e-01
 4.180e+02  9.951e-01  7.095e-01
 4.190e+02  9.951e-01  7.107e-01
 4.200e+02  9.951e-01  7.119e-01
 4.210e+02  9.952e-01  7.130e-01
 4.220e+02  9.952e-01  7.142e-01
 4.230e+02  9.952e-01  7.154e-01
 4.240e+02  9.953e-01  7.165e-01
 4.250e+02  9.953e-01  7.177e-01
 4.260e+02  9.953e-01  7.188e-01
 4.270e+02  9.954e-01  7.200e-01
 4.280e+02  9.954e-01  7.211e-01
 4.290e+02  9.954e-01  7.222e-01
 4.300e+02  9.955e-01  7.234e-01
 4.310e+02  9.955e-01  7.245e-01
 4.320e+02  9.955e-01  7.257e-01
 4.330e+02  9.956e-01  7.268e-01
 4.340e+02  9.956e-01  7.279e-01
 4.350e+02  9.956e-01  7.290e-01
 4.360e+02  9.957e-01  7.302e-01
 4.370e+02  9.957e-01  7.313e-01
 4.380e+02  9.957e-01  7.324e-01
 4.390e+02  9.958e-01  7.335e-01
 4.400e+02  9.958e-01  7.346e-01
 4.410e+02  9.958e-01  7.358e-01
 4.420e+02  9.958e-01  7.369e-01
 4.430e+02  9.959e-01  7.380e-01
 4.440e+02  9.959e-01  7.391e-01
 4.450e+02  9.959e-01  7.402e-01
 4.460e+02  9.960e-01  7.413e-01
 4.470e+02  9.960e-01  7.424e-01
 4.480e+02  9.960e-01  7.435e-01
 4.490e+02  9.961e-01  7.446e-01
 4.500e+02  9.961e-01  7.457e-01
 4.510e+02  9.961e-01  7.468e-01
 4.520e+02  9.961e-01  7.478e-01
 4.530e+02  9.962e-01  7.489e-01
 4.540e+02  9.962e-01  7.500e-01
 4.550e+02  9.962e-01  7.511e-01
 4.560e+02  9.963e-01  7.522e-01
 4.570e+02  9.963e-01  7.532e-01
 4.580e+02  9.963e-01  7.543e-01
 4.590e+02  9.963e-01  7.554e-01
 4.600e+02  9.964e-01  7.564e-01
 4.610e+02  9.964e-01  7.575e-01
 4.620e+02  9.964e-01  7.586e-01
 4.630e+02  9.965e-01  7.596e-01
 4.640e+02  9.965e-01  7.607e-01
 4.650e+02  9.965e-01  7.617e-01
 4.660e+02  9.965e-01  7.628e-01
 4.670e+02  9.966e-01  7.639e-01
 4.680e+02  9.966e-01  7.649e-01
 4.690e+02  9.966e-01  7.659e-01
 4.700e+02  9.966e-01  7.670e-01
 4.710e+02  9.967e-01  7.680e-01
 4.720e+02  9.967e-01  7.691e-01
 4.730e+02  9.967e-01  7.701e-01
 4.740e+02  9.967e-01  7.711e-01
 4.750e+02  9.968e-01  7.721e-01
 4.760e+02  9.968e-01  7.732e-01
 4.770e+02  9.968e-01  7.742e-01
 4.780e+02  9.969e-01  7.752e-01
 4.790e+02  9.969e-01  7.762e-01
 4.800e+02  9.969e-01  7.773e-01
 4.810e+02  9.969e-01  7.783e-01
 4.820e+02  9.970e-01  7.793e-01
 4.830e+02  9.970e-01  7.803e-01
 4.840e+02  9.970e-01  7.813e-01
 4.850e+02  9.970e-01  7.823e-01
 4.860e+02  9.971e-01  7.833e-01
 4.870e+02  9.971e-01  7.843e-01
 4.880e+02  9.971e-01  7.853e-01
 4.890e+02  9.971e-01  7.863e-01
 4.900e+02  9.972e-01  7.872e-01
 4.910e+02  9.972e-01  7.882e-01
 4.920e+02  9.972e-01  7.892e-01
 4.930e+02  9.972e-01  7.902e-01
 4.940e+02  9.973e-01  7.912e-01
 4.950e+02  9.973e-01  7.921e-01
 4.960e+02  9.973e-01  7.931e-01
 4.970e+02  9.973e-01  7.941e-01
 4.980e+02  9.973e-01  7.950e-01
 4.990e+02  9.974e-01  7.960e-01
 5.000e+02  9.974e-01  7.969e-01
