a b c 
     0.000      0.000     92.644
     0.010      0.000     92.693
     0.020      0.000     92.742
     0.030      0.000     92.793
     0.040      0.000     92.845
     0.050      0.000     92.898
     0.060      0.000     92.952
     0.070      0.000     93.007
     0.080      0.000     93.063
     0.090      0.000     93.121
     0.100      0.000     93.179
     0.110      0.000     93.239
     0.120      0.000     93.300
     0.130      0.000     93.362
     0.140      0.000     93.426
     0.150      0.000     93.491
     0.160      0.000     93.557
     0.170      0.000     93.624
     0.180      0.000     93.693
     0.190      0.000     93.763
     0.200      0.000     93.835
     0.210      0.000     93.908
     0.220      0.000     93.983
     0.230      0.000     94.059
     0.240      0.000     94.137
     0.250      0.000     94.216
     0.260      0.000     94.297
     0.270      0.000     94.380
     0.280      0.000     94.464
     0.290      0.000     94.551
     0.300      0.000     94.639
     0.310      0.000     94.728
     0.320      0.000     94.820
     0.330      0.000     94.914
     0.340      0.000     95.010
     0.350      0.000     95.107
     0.360      0.000     95.207
     0.370      0.000     95.309
     0.380      0.000     95.413
     0.390      0.000     95.520
     0.400      0.000     95.628
     0.410      0.000     95.740
     0.420      0.000     95.853
     0.430      0.000     95.969
     0.440      0.000     96.087
     0.450      0.000     96.208
     0.460      0.000     96.332
     0.470      0.000     96.458
     0.480      0.000     96.586
     0.490      0.000     96.717
     0.500      0.000     96.851
     0.510      0.000     96.988
     0.520      0.000     97.127
     0.530      0.000     97.268
     0.540      0.000     97.412
     0.550      0.000     97.559
     0.560      0.000     97.707
     0.570      0.000     97.858
     0.580      0.000     98.012
     0.590      0.000     98.167
     0.600      0.000     98.323
     0.610      0.000     98.482
     0.620      0.000     98.641
     0.630      0.000     98.802
     0.640      0.000     98.963
     0.650      0.000     99.124
     0.660      0.000     99.285
     0.670      0.000     99.446
     0.680      0.000     99.606
     0.690      0.000     99.764
     0.700      0.000     99.920
     0.710      0.000    100.074
     0.720      0.000    100.224
     0.730      0.000    100.370
     0.740      0.000    100.513
     0.750      0.000    100.650
     0.760      0.000    100.782
     0.770      0.000    100.908
     0.780      0.000    101.028
     0.790      0.000    101.141
     0.800      0.000    101.246
     0.810      0.000    101.344
     0.820      0.000    101.435
     0.830      0.000    101.517
     0.840      0.000    101.592
     0.850      0.000    101.659
     0.860      0.000    101.718
     0.870      0.000    101.769
     0.880      0.000    101.814
     0.890      0.000    101.851
     0.900      0.000    101.882
     0.910      0.000    101.906
     0.920      0.000    101.925
     0.930      0.000    101.939
     0.940      0.000    101.948
     0.950      0.000    101.954
     0.960      0.000    101.956
     0.970      0.000    101.956
     0.980      0.000    101.954
     0.990      0.000    101.950
     1.000      0.000    101.946

     0.000      1.000    309.786
     0.010      1.000    309.573
     0.020      1.000    308.052
     0.030      1.000    304.023
     0.040      1.000    296.620
     0.050      1.000    285.557
     0.060      1.000    271.259
     0.070      1.000    254.743
     0.080      1.000    237.296
     0.090      1.000    220.119
     0.100      1.000    204.098
     0.110      1.000    189.742
     0.120      1.000    177.235
     0.130      1.000    166.544
     0.140      1.000    157.514
     0.150      1.000    149.936
     0.160      1.000    143.593
     0.170      1.000    138.284
     0.180      1.000    133.831
     0.190      1.000    130.082
     0.200      1.000    126.912
     0.210      1.000    124.219
     0.220      1.000    121.917
     0.230      1.000    119.940
     0.240      1.000    118.231
     0.250      1.000    116.746
     0.260      1.000    115.448
     0.270      1.000    114.306
     0.280      1.000    113.297
     0.290      1.000    112.401
     0.300      1.000    111.599
     0.310      1.000    110.880
     0.320      1.000    110.231
     0.330      1.000    109.642
     0.340      1.000    109.106
     0.350      1.000    108.616
     0.360      1.000    108.166
     0.370      1.000    107.751
     0.380      1.000    107.367
     0.390      1.000    107.010
     0.400      1.000    106.678
     0.410      1.000    106.368
     0.420      1.000    106.076
     0.430      1.000    105.803
     0.440      1.000    105.544
     0.450      1.000    105.300
     0.460      1.000    105.069
     0.470      1.000    104.849
     0.480      1.000    104.640
     0.490      1.000    104.440
     0.500      1.000    104.250
     0.510      1.000    104.067
     0.520      1.000    103.892
     0.530      1.000    103.724
     0.540      1.000    103.562
     0.550      1.000    103.406
     0.560      1.000    103.256
     0.570      1.000    103.111
     0.580      1.000    102.971
     0.590      1.000    102.835
     0.600      1.000    102.703
     0.610      1.000    102.576
     0.620      1.000    102.452
     0.630      1.000    102.332
     0.640      1.000    102.215
     0.650      1.000    102.101
     0.660      1.000    101.990
     0.670      1.000    101.883
     0.680      1.000    101.778
     0.690      1.000    101.675
     0.700      1.000    101.576
     0.710      1.000    101.478
     0.720      1.000    101.383
     0.730      1.000    101.290
     0.740      1.000    101.200
     0.750      1.000    101.111
     0.760      1.000    101.024
     0.770      1.000    100.940
     0.780      1.000    100.857
     0.790      1.000    100.776
     0.800      1.000    100.697
     0.810      1.000    100.619
     0.820      1.000    100.543
     0.830      1.000    100.469
     0.840      1.000    100.396
     0.850      1.000    100.325
     0.860      1.000    100.255
     0.870      1.000    100.187
     0.880      1.000    100.120
     0.890      1.000    100.055
     0.900      1.000     99.991
     0.910      1.000     99.928
     0.920      1.000     99.867
     0.930      1.000     99.807
     0.940      1.000     99.748
     0.950      1.000     99.690
     0.960      1.000     99.634
     0.970      1.000     99.579
     0.980      1.000     99.525
     0.990      1.000     99.472
     1.000      1.000     99.420

     0.000      0.000     92.644
     0.000      0.010     93.328
     0.000      0.020     94.022
     0.000      0.030     94.725
     0.000      0.040     95.438
     0.000      0.050     96.160
     0.000      0.060     96.892
     0.000      0.070     97.633
     0.000      0.080     98.384
     0.000      0.090     99.144
     0.000      0.100     99.914
     0.000      0.110    100.693
     0.000      0.120    101.482
     0.000      0.130    102.280
     0.000      0.140    103.086
     0.000      0.150    103.902
     0.000      0.160    104.726
     0.000      0.170    105.559
     0.000      0.180    106.400
     0.000      0.190    107.249
     0.000      0.200    108.105
     0.000      0.210    108.970
     0.000      0.220    109.841
     0.000      0.230    110.719
     0.000      0.240    111.604
     0.000      0.250    112.495
     0.000      0.260    113.391
     0.000      0.270    114.293
     0.000      0.280    115.199
     0.000      0.290    116.109
     0.000      0.300    117.023
     0.000      0.310    117.939
     0.000      0.320    118.857
     0.000      0.330    119.777
     0.000      0.340    120.696
     0.000      0.350    121.615
     0.000      0.360    122.532
     0.000      0.370    123.446
     0.000      0.380    124.356
     0.000      0.390    125.260
     0.000      0.400    126.157
     0.000      0.410    127.045
     0.000      0.420    127.923
     0.000      0.430    128.789
     0.000      0.440    129.640
     0.000      0.450    130.475
     0.000      0.460    131.292
     0.000      0.470    132.088
     0.000      0.480    132.861
     0.000      0.490    133.610
     0.000      0.500    134.332
     0.000      0.510    135.024
     0.000      0.520    135.686
     0.000      0.530    136.315
     0.000      0.540    136.911
     0.000      0.550    137.473
     0.000      0.560    138.000
     0.000      0.570    138.494
     0.000      0.580    138.954
     0.000      0.590    139.382
     0.000      0.600    139.783
     0.000      0.610    140.158
     0.000      0.620    140.514
     0.000      0.630    140.856
     0.000      0.640    141.190
     0.000      0.650    141.526
     0.000      0.660    141.872
     0.000      0.670    142.241
     0.000      0.680    142.643
     0.000      0.690    143.094
     0.000      0.700    143.610
     0.000      0.710    144.208
     0.000      0.720    144.909
     0.000      0.730    145.738
     0.000      0.740    146.721
     0.000      0.750    147.892
     0.000      0.760    149.286
     0.000      0.770    150.951
     0.000      0.780    152.938
     0.000      0.790    155.313
     0.000      0.800    158.151
     0.000      0.810    161.544
     0.000      0.820    165.599
     0.000      0.830    170.440
     0.000      0.840    176.206
     0.000      0.850    183.047
     0.000      0.860    191.110
     0.000      0.870    200.517
     0.000      0.880    211.333
     0.000      0.890    223.516
     0.000      0.900    236.862
     0.000      0.910    250.952
     0.000      0.920    265.141
     0.000      0.930    278.599
     0.000      0.940    290.446
     0.000      0.950    299.930
     0.000      0.960    306.602
     0.000      0.970    310.410
     0.000      0.980    311.712
     0.000      0.990    311.207
     0.000      1.000    309.786

     1.000      0.000    101.946
     1.000      0.010    102.698
     1.000      0.020    103.460
     1.000      0.030    104.232
     1.000      0.040    105.014
     1.000      0.050    105.806
     1.000      0.060    106.607
     1.000      0.070    107.416
     1.000      0.080    108.233
     1.000      0.090    109.057
     1.000      0.100    109.885
     1.000      0.110    110.717
     1.000      0.120    111.552
     1.000      0.130    112.387
     1.000      0.140    113.222
     1.000      0.150    114.055
     1.000      0.160    114.884
     1.000      0.170    115.709
     1.000      0.180    116.528
     1.000      0.190    117.340
     1.000      0.200    118.146
     1.000      0.210    118.944
     1.000      0.220    119.735
     1.000      0.230    120.518
     1.000      0.240    121.295
     1.000      0.250    122.064
     1.000      0.260    122.826
     1.000      0.270    123.581
     1.000      0.280    124.330
     1.000      0.290    125.071
     1.000      0.300    125.805
     1.000      0.310    126.531
     1.000      0.320    127.247
     1.000      0.330    127.952
     1.000      0.340    128.645
     1.000      0.350    129.324
     1.000      0.360    129.986
     1.000      0.370    130.630
     1.000      0.380    131.253
     1.000      0.390    131.851
     1.000      0.400    132.422
     1.000      0.410    132.963
     1.000      0.420    133.470
     1.000      0.430    133.941
     1.000      0.440    134.370
     1.000      0.450    134.755
     1.000      0.460    135.093
     1.000      0.470    135.380
     1.000      0.480    135.612
     1.000      0.490    135.788
     1.000      0.500    135.903
     1.000      0.510    135.955
     1.000      0.520    135.944
     1.000      0.530    135.866
     1.000      0.540    135.722
     1.000      0.550    135.510
     1.000      0.560    135.231
     1.000      0.570    134.886
     1.000      0.580    134.476
     1.000      0.590    134.004
     1.000      0.600    133.470
     1.000      0.610    132.880
     1.000      0.620    132.235
     1.000      0.630    131.540
     1.000      0.640    130.800
     1.000      0.650    130.017
     1.000      0.660    129.196
     1.000      0.670    128.343
     1.000      0.680    127.461
     1.000      0.690    126.554
     1.000      0.700    125.627
     1.000      0.710    124.683
     1.000      0.720    123.727
     1.000      0.730    122.761
     1.000      0.740    121.790
     1.000      0.750    120.815
     1.000      0.760    119.839
     1.000      0.770    118.865
     1.000      0.780    117.894
     1.000      0.790    116.930
     1.000      0.800    115.972
     1.000      0.810    115.023
     1.000      0.820    114.084
     1.000      0.830    113.155
     1.000      0.840    112.238
     1.000      0.850    111.333
     1.000      0.860    110.441
     1.000      0.870    109.563
     1.000      0.880    108.698
     1.000      0.890    107.847
     1.000      0.900    107.010
     1.000      0.910    106.187
     1.000      0.920    105.379
     1.000      0.930    104.585
     1.000      0.940    103.805
     1.000      0.950    103.040
     1.000      0.960    102.288
     1.000      0.970    101.551
     1.000      0.980    100.827
     1.000      0.990    100.117
     1.000      1.000     99.420
