m V Vr 
 0.000e+00  0.000e+00  0.000e+00
 1.000e+00  1.793e-02  2.479e-03
 2.000e+00  3.508e-02  4.936e-03
 3.000e+00  5.195e-02  7.379e-03
 4.000e+00  6.807e-02  9.810e-03
 5.000e+00  8.410e-02  1.224e-02
 6.000e+00  9.965e-02  1.465e-02
 7.000e+00  1.151e-01  1.705e-02
 8.000e+00  1.298e-01  1.946e-02
 9.000e+00  1.444e-01  2.185e-02
 1.000e+01  1.587e-01  2.424e-02
 1.100e+01  1.727e-01  2.661e-02
 1.200e+01  1.867e-01  2.898e-02
 1.300e+01  2.003e-01  3.134e-02
 1.400e+01  2.136e-01  3.369e-02
 1.500e+01  2.267e-01  3.604e-02
 1.600e+01  2.395e-01  3.838e-02
 1.700e+01  2.520e-01  4.072e-02
 1.800e+01  2.643e-01  4.305e-02
 1.900e+01  2.765e-01  4.537e-02
 2.000e+01  2.886e-01  4.768e-02
 2.100e+01  3.003e-01  4.999e-02
 2.200e+01  3.118e-01  5.229e-02
 2.300e+01  3.231e-01  5.459e-02
 2.400e+01  3.343e-01  5.688e-02
 2.500e+01  3.454e-01  5.916e-02
 2.600e+01  3.562e-01  6.144e-02
 2.700e+01  3.669e-01  6.371e-02
 2.800e+01  3.774e-01  6.597e-02
 2.900e+01  3.876e-01  6.823e-02
 3.000e+01  3.975e-01  7.049e-02
 3.100e+01  4.072e-01  7.274e-02
 3.200e+01  4.169e-01  7.499e-02
 3.300e+01  4.263e-01  7.723e-02
 3.400e+01  4.355e-01  7.947e-02
 3.500e+01  4.447e-01  8.170e-02
 3.600e+01  4.538e-01  8.393e-02
 3.700e+01  4.625e-01  8.615e-02
 3.800e+01  4.711e-01  8.837e-02
 3.900e+01  4.796e-01  9.059e-02
 4.000e+01  4.880e-01  9.279e-02
 4.100e+01  4.963e-01  9.500e-02
 4.200e+01  5.045e-01  9.719e-02
 4.300e+01  5.125e-01  9.939e-02
 4.400e+01  5.204e-01  1.016e-01
 4.500e+01  5.283e-01  1.038e-01
 4.600e+01  5.360e-01  1.059e-01
 4.700e+01  5.435e-01  1.081e-01
 4.800e+01  5.508e-01  1.103e-01
 4.900e+01  5.581e-01  1.125e-01
 5.000e+01  5.653e-01  1.146e-01
 5.100e+01  5.722e-01  1.168e-01
 5.200e+01  5.791e-01  1.189e-01
 5.300e+01  5.859e-01  1.211e-01
 5.400e+01  5.925e-01  1.232e-01
 5.500e+01  5.990e-01  1.254e-01
 5.600e+01  6.056e-01  1.275e-01
 5.700e+01  6.119e-01  1.297e-01
 5.800e+01  6.182e-01  1.318e-01
 5.900e+01  6.244e-01  1.339e-01
 6.000e+01  6.305e-01  1.361e-01
 6.100e+01  6.364e-01  1.382e-01
 6.200e+01  6.422e-01  1.403e-01
 6.300e+01  6.479e-01  1.424e-01
 6.400e+01  6.535e-01  1.445e-01
 6.500e+01  6.591e-01  1.466e-01
 6.600e+01  6.644e-01  1.487e-01
 6.700e+01  6.697e-01  1.508e-01
 6.800e+01  6.749e-01  1.529e-01
 6.900e+01  6.801e-01  1.550e-01
 7.000e+01  6.851e-01  1.571e-01
 7.100e+01  6.900e-01  1.592e-01
 7.200e+01  6.949e-01  1.612e-01
 7.300e+01  6.997e-01  1.633e-01
 7.400e+01  7.045e-01  1.654e-01
 7.500e+01  7.092e-01  1.674e-01
 7.600e+01  7.138e-01  1.695e-01
 7.700e+01  7.184e-01  1.716e-01
 7.800e+01  7.228e-01  1.736e-01
 7.900e+01  7.272e-01  1.757e-01
 8.000e+01  7.315e-01  1.777e-01
 8.100e+01  7.357e-01  1.798e-01
 8.200e+01  7.398e-01  1.818e-01
 8.300e+01  7.439e-01  1.838e-01
 8.400e+01  7.479e-01  1.859e-01
 8.500e+01  7.518e-01  1.879e-01
 8.600e+01  7.557e-01  1.899e-01
 8.700e+01  7.596e-01  1.920e-01
 8.800e+01  7.633e-01  1.940e-01
 8.900e+01  7.671e-01  1.960e-01
 9.000e+01  7.707e-01  1.980e-01
 9.100e+01  7.743e-01  2.000e-01
 9.200e+01  7.779e-01  2.020e-01
 9.300e+01  7.814e-01  2.040e-01
 9.400e+01  7.848e-01  2.060e-01
 9.500e+01  7.882e-01  2.080e-01
 9.600e+01  7.915e-01  2.100e-01
 9.700e+01  7.947e-01  2.120e-01
 9.800e+01  7.979e-01  2.140e-01
 9.900e+01  8.009e-01  2.160e-01
 1.000e+02  8.039e-01  2.179e-01
 1.010e+02  8.069e-01  2.199e-01
 1.020e+02  8.099e-01  2.219e-01
 1.030e+02  8.128e-01  2.238e-01
 1.040e+02  8.156e-01  2.258e-01
 1.050e+02  8.184e-01  2.278e-01
 1.060e+02  8.212e-01  2.297e-01
 1.070e+02  8.240e-01  2.317e-01
 1.080e+02  8.267e-01  2.336e-01
 1.090e+02  8.294e-01  2.356e-01
 1.100e+02  8.319e-01  2.375e-01
 1.110e+02  8.345e-01  2.394e-01
 1.120e+02  8.370e-01  2.414e-01
 1.130e+02  8.395e-01  2.433e-01
 1.140e+02  8.419e-01  2.452e-01
 1.150e+02  8.443e-01  2.472e-01
 1.160e+02  8.467e-01  2.491e-01
 1.170e+02  8.490e-01  2.510e-01
 1.180e+02  8.513e-01  2.529e-01
 1.190e+02  8.535e-01  2.548e-01
 1.200e+02  8.557e-01  2.567e-01
 1.210e+02  8.578e-01  2.587e-01
 1.220e+02  8.599e-01  2.606e-01
 1.230e+02  8.620e-01  2.625e-01
 1.240e+02  8.640e-01  2.644e-01
 1.250e+02  8.660e-01  2.663e-01
 1.260e+02  8.680e-01  2.682e-01
 1.270e+02  8.699e-01  2.700e-01
 1.280e+02  8.718e-01  2.719e-01
 1.290e+02  8.736e-01  2.738e-01
 1.300e+02  8.754e-01  2.757e-01
 1.310e+02  8.773e-01  2.776e-01
 1.320e+02  8.791e-01  2.794e-01
 1.330e+02  8.808e-01  2.813e-01
 1.340e+02  8.826e-01  2.832e-01
 1.350e+02  8.843e-01  2.850e-01
 1.360e+02  8.859e-01  2.869e-01
 1.370e+02  8.875e-01  2.888e-01
 1.380e+02  8.892e-01  2.906e-01
 1.390e+02  8.907e-01  2.925e-01
 1.400e+02  8.923e-01  2.943e-01
 1.410e+02  8.939e-01  2.962e-01
 1.420e+02  8.954e-01  2.980e-01
 1.430e+02  8.969e-01  2.998e-01
 1.440e+02  8.984e-01  3.017e-01
 1.450e+02  8.999e-01  3.035e-01
 1.460e+02  9.013e-01  3.053e-01
 1.470e+02  9.027e-01  3.072e-01
 1.480e+02  9.041e-01  3.090e-01
 1.490e+02  9.055e-01  3.108e-01
 1.500e+02  9.069e-01  3.126e-01
 1.510e+02  9.082e-01  3.144e-01
 1.520e+02  9.095e-01  3.163e-01
 1.530e+02  9.108e-01  3.181e-01
 1.540e+02  9.121e-01  3.199e-01
 1.550e+02  9.133e-01  3.217e-01
 1.560e+02  9.145e-01  3.235e-01
 1.570e+02  9.157e-01  3.253e-01
 1.580e+02  9.169e-01  3.271e-01
 1.590e+02  9.180e-01  3.289e-01
 1.600e+02  9.191e-01  3.307e-01
 1.610e+02  9.203e-01  3.325e-01
 1.620e+02  9.213e-01  3.343e-01
 1.630e+02  9.224e-01  3.360e-01
 1.640e+02  9.235e-01  3.378e-01
 1.650e+02  9.245e-01  3.396e-01
 1.660e+02  9.255e-01  3.414e-01
 1.670e+02  9.266e-01  3.432e-01
 1.680e+02  9.276e-01  3.449e-01
 1.690e+02  9.285e-01  3.467e-01
 1.700e+02  9.295e-01  3.485e-01
 1.710e+02  9.305e-01  3.502e-01
 1.720e+02  9.314e-01  3.520e-01
 1.730e+02  9.324e-01  3.537e-01
 1.740e+02  9.333e-01  3.555e-01
 1.750e+02  9.342e-01  3.572e-01
 1.760e+02  9.350e-01  3.590e-01
 1.770e+02  9.359e-01  3.607e-01
 1.780e+02  9.367e-01  3.624e-01
 1.790e+02  9.376e-01  3.642e-01
 1.800e+02  9.384e-01  3.659e-01
 1.810e+02  9.392e-01  3.676e-01
 1.820e+02  9.400e-01  3.694e-01
 1.830e+02  9.408e-01  3.711e-01
 1.840e+02  9.416e-01  3.728e-01
 1.850e+02  9.423e-01  3.746e-01
 1.860e+02  9.431e-01  3.763e-01
 1.870e+02  9.438e-01  3.780e-01
 1.880e+02  9.445e-01  3.797e-01
 1.890e+02  9.452e-01  3.814e-01
 1.900e+02  9.459e-01  3.831e-01
 1.910e+02  9.466e-01  3.848e-01
 1.920e+02  9.473e-01  3.865e-01
 1.930e+02  9.480e-01  3.882e-01
 1.940e+02  9.486e-01  3.899e-01
 1.950e+02  9.493e-01  3.916e-01
 1.960e+02  9.499e-01  3.933e-01
 1.970e+02  9.506e-01  3.950e-01
 1.980e+02  9.512e-01  3.967e-01
 1.990e+02  9.518e-01  3.984e-01
 2.000e+02  9.524e-01  4.001e-01
 2.010e+02  9.530e-01  4.017e-01
 2.020e+02  9.536e-01  4.034e-01
 2.030e+02  9.541e-01  4.051e-01
 2.040e+02  9.547e-01  4.068e-01
 2.050e+02  9.552e-01  4.084e-01
 2.060e+02  9.558e-01  4.101e-01
 2.070e+02  9.563e-01  4.118e-01
 2.080e+02  9.568e-01  4.134e-01
 2.090e+02  9.573e-01  4.151e-01
 2.100e+02  9.578e-01  4.167e-01
 2.110e+02  9.583e-01  4.184e-01
 2.120e+02  9.588e-01  4.200e-01
 2.130e+02  9.593e-01  4.217e-01
 2.140e+02  9.597e-01  4.233e-01
 2.150e+02  9.602e-01  4.250e-01
 2.160e+02  9.607e-01  4.266e-01
 2.170e+02  9.611e-01  4.283e-01
 2.180e+02  9.616e-01  4.299e-01
 2.190e+02  9.620e-01  4.315e-01
 2.200e+02  9.625e-01  4.332e-01
 2.210e+02  9.629e-01  4.348e-01
 2.220e+02  9.633e-01  4.364e-01
 2.230e+02  9.637e-01  4.380e-01
 2.240e+02  9.641e-01  4.397e-01
 2.250e+02  9.646e-01  4.413e-01
 2.260e+02  9.649e-01  4.429e-01
 2.270e+02  9.653e-01  4.445e-01
 2.280e+02  9.657e-01  4.461e-01
 2.290e+02  9.661e-01  4.477e-01
 2.300e+02  9.664e-01  4.493e-01
 2.310e+02  9.668e-01  4.509e-01
 2.320e+02  9.672e-01  4.525e-01
 2.330e+02  9.675e-01  4.541e-01
 2.340e+02  9.678e-01  4.557e-01
 2.350e+02  9.682e-01  4.573e-01
 2.360e+02  9.685e-01  4.589e-01
 2.370e+02  9.689e-01  4.605e-01
 2.380e+02  9.692e-01  4.621e-01
 2.390e+02  9.695e-01  4.637e-01
 2.400e+02  9.698e-01  4.653e-01
 2.410e+02  9.702e-01  4.669e-01
 2.420e+02  9.705e-01  4.684e-01
 2.430e+02  9.708e-01  4.700e-01
 2.440e+02  9.711e-01  4.716e-01
 2.450e+02  9.714e-01  4.731e-01
 2.460e+02  9.717e-01  4.747e-01
 2.470e+02  9.720e-01  4.763e-01
 2.480e+02  9.723e-01  4.778e-01
 2.490e+02  9.726e-01  4.794e-01
 2.500e+02  9.728e-01  4.809e-01
 2.510e+02  9.731e-01  4.825e-01
 2.520e+02  9.734e-01  4.841e-01
 2.530e+02  9.736e-01  4.856e-01
 2.540e+02  9.739e-01  4.872e-01
 2.550e+02  9.742e-01  4.887e-01
 2.560e+02  9.744e-01  4.902e-01
 2.570e+02  9.747e-01  4.918e-01
 2.580e+02  9.749e-01  4.933e-01
 2.590e+02  9.751e-01  4.949e-01
 2.600e+02  9.754e-01  4.964e-01
 2.610e+02  9.756e-01  4.979e-01
 2.620e+02  9.758e-01  4.994e-01
 2.630e+02  9.761e-01  5.010e-01
 2.640e+02  9.763e-01  5.025e-01
 2.650e+02  9.765e-01  5.040e-01
 2.660e+02  9.767e-01  5.055e-01
 2.670e+02  9.769e-01  5.070e-01
 2.680e+02  9.772e-01  5.086e-01
 2.690e+02  9.774e-01  5.101e-01
 2.700e+02  9.776e-01  5.116e-01
 2.710e+02  9.778e-01  5.131e-01
 2.720e+02  9.780e-01  5.146e-01
 2.730e+02  9.782e-01  5.161e-01
 2.740e+02  9.784e-01  5.176e-01
 2.750e+02  9.786e-01  5.191e-01
 2.760e+02  9.788e-01  5.206e-01
 2.770e+02  9.789e-01  5.221e-01
 2.780e+02  9.791e-01  5.235e-01
 2.790e+02  9.793e-01  5.250e-01
 2.800e+02  9.795e-01  5.265e-01
 2.810e+02  9.797e-01  5.280e-01
 2.820e+02  9.799e-01  5.295e-01
 2.830e+02  9.800e-01  5.310e-01
 2.840e+02  9.802e-01  5.324e-01
 2.850e+02  9.804e-01  5.339e-01
 2.860e+02  9.805e-01  5.354e-01
 2.870e+02  9.807e-01  5.368e-01
 2.880e+02  9.808e-01  5.383e-01
 2.890e+02  9.810e-01  5.398e-01
 2.900e+02  9.812e-01  5.412e-01
 2.910e+02  9.813e-01  5.427e-01
 2.920e+02  9.815e-01  5.441e-01
 2.930e+02  9.816e-01  5.456e-01
 2.940e+02  9.818e-01  5.470e-01
 2.950e+02  9.819e-01  5.485e-01
 2.960e+02  9.821e-01  5.499e-01
 2.970e+02  9.822e-01  5.514e-01
 2.980e+02  9.823e-01  5.528e-01
 2.990e+02  9.825e-01  5.543e-01
 3.000e+02  9.826e-01  5.557e-01
 3.010e+02  9.828e-01  5.571e-01
 3.020e+02  9.829e-01  5.586e-01
 3.030e+02  9.830e-01  5.600e-01
 3.040e+02  9.832e-01  5.614e-01
 3.050e+02  9.833e-01  5.629e-01
 3.060e+02  9.834e-01  5.643e-01
 3.070e+02  9.835e-01  5.657e-01
 3.080e+02  9.837e-01  5.671e-01
 3.090e+02  9.838e-01  5.686e-01
 3.100e+02  9.839e-01  5.700e-01
 3.110e+02  9.840e-01  5.714e-01
 3.120e+02  9.842e-01  5.728e-01
 3.130e+02  9.843e-01  5.742e-01
 3.140e+02  9.844e-01  5.756e-01
 3.150e+02  9.845e-01  5.770e-01
 3.160e+02  9.846e-01  5.784e-01
 3.170e+02  9.847e-01  5.798e-01
 3.180e+02  9.848e-01  5.812e-01
 3.190e+02  9.850e-01  5.826e-01
 3.200e+02  9.851e-01  5.840e-01
 3.210e+02  9.852e-01  5.854e-01
 3.220e+02  9.853e-01  5.868e-01
 3.230e+02  9.854e-01  5.882e-01
 3.240e+02  9.855e-01  5.896e-01
 3.250e+02  9.856e-01  5.909e-01
 3.260e+02  9.857e-01  5.923e-01
 3.270e+02  9.858e-01  5.937e-01
 3.280e+02  9.859e-01  5.951e-01
 3.290e+02  9.860e-01  5.964e-01
 3.300e+02  9.861e-01  5.978e-01
 3.310e+02  9.862e-01  5.992e-01
 3.320e+02  9.863e-01  6.005e-01
 3.330e+02  9.864e-01  6.019e-01
 3.340e+02  9.865e-01  6.033e-01
 3.350e+02  9.866e-01  6.046e-01
 3.360e+02  9.867e-01  6.060e-01
 3.370e+02  9.868e-01  6.073e-01
 3.380e+02  9.869e-01  6.087e-01
 3.390e+02  9.869e-01  6.100e-01
 3.400e+02  9.870e-01  6.114e-01
 3.410e+02  9.871e-01  6.127e-01
 3.420e+02  9.872e-01  6.141e-01
 3.430e+02  9.873e-01  6.154e-01
 3.440e+02  9.874e-01  6.168e-01
 3.450e+02  9.875e-01  6.181e-01
 3.460e+02  9.875e-01  6.194e-01
 3.470e+02  9.876e-01  6.208e-01
 3.480e+02  9.877e-01  6.221e-01
 3.490e+02  9.878e-01  6.234e-01
 3.500e+02  9.879e-01  6.247e-01
 3.510e+02  9.880e-01  6.261e-01
 3.520e+02  9.880e-01  6.274e-01
 3.530e+02  9.881e-01  6.287e-01
 3.540e+02  9.882e-01  6.300e-01
 3.550e+02  9.883e-01  6.313e-01
 3.560e+02  9.883e-01  6.326e-01
 3.570e+02  9.884e-01  6.339e-01
 3.580e+02  9.885e-01  6.352e-01
 3.590e+02  9.886e-01  6.366e-01
 3.600e+02  9.887e-01  6.379e-01
 3.610e+02  9.887e-01  6.392e-01
 3.620e+02  9.888e-01  6.405e-01
 3.630e+02  9.889e-01  6.417e-01
 3.640e+02  9.889e-01  6.430e-01
 3.650e+02  9.890e-01  6.443e-01
 3.660e+02  9.891e-01  6.456e-01
 3.670e+02  9.892e-01  6.469e-01
 3.680e+02  9.892e-01  6.482e-01
 3.690e+02  9.893e-01  6.495e-01
 3.700e+02  9.894e-01  6.507e-01
 3.710e+02  9.894e-01  6.520e-01
 3.720e+02  9.895e-01  6.533e-01
 3.730e+02  9.896e-01  6.546e-01
 3.740e+02  9.896e-01  6.558e-01
 3.750e+02  9.897e-01  6.571e-01
 3.760e+02  9.898e-01  6.584e-01
 3.770e+02  9.898e-01  6.596e-01
 3.780e+02  9.899e-01  6.609e-01
 3.790e+02  9.900e-01  6.621e-01
 3.800e+02  9.900e-01  6.634e-01
 3.810e+02  9.901e-01  6.647e-01
 3.820e+02  9.902e-01  6.659e-01
 3.830e+02  9.902e-01  6.672e-01
 3.840e+02  9.903e-01  6.684e-01
 3.850e+02  9.903e-01  6.697e-01
 3.860e+02  9.904e-01  6.709e-01
 3.870e+02  9.905e-01  6.721e-01
 3.880e+02  9.905e-01  6.734e-01
 3.890e+02  9.906e-01  6.746e-01
 3.900e+02  9.907e-01  6.758e-01
 3.910e+02  9.907e-01  6.771e-01
 3.920e+02  9.908e-01  6.783e-01
 3.930e+02  9.908e-01  6.795e-01
 3.940e+02  9.909e-01  6.807e-01
 3.950e+02  9.910e-01  6.819e-01
 3.960e+02  9.910e-01  6.832e-01
 3.970e+02  9.911e-01  6.844e-01
 3.980e+02  9.911e-01  6.856e-01
 3.990e+02  9.912e-01  6.868e-01
 4.000e+02  9.912e-01  6.880e-01
 4.010e+02  9.913e-01  6.892e-01
 4.020e+02  9.914e-01  6.904e-01
 4.030e+02  9.914e-01  6.916e-01
 4.040e+02  9.915e-01  6.928e-01
 4.050e+02  9.915e-01  6.940e-01
 4.060e+02  9.916e-01  6.952e-01
 4.070e+02  9.916e-01  6.964e-01
 4.080e+02  9.917e-01  6.976e-01
 4.090e+02  9.917e-01  6.988e-01
 4.100e+02  9.918e-01  7.000e-01
 4.110e+02  9.919e-01  7.012e-01
 4.120e+02  9.919e-01  7.024e-01
 4.130e+02  9.920e-01  7.035e-01
 4.140e+02  9.920e-01  7.047e-01
 4.150e+02  9.921e-01  7.059e-01
 4.160e+02  9.921e-01  7.071e-01
 4.170e+02  9.922e-01  7.082e-01
 4.180e+02  9.922e-01  7.094e-01
 4.190e+02  9.923e-01  7.106e-01
 4.200e+02  9.923e-01  7.118e-01
 4.210e+02  9.924e-01  7.129e-01
 4.220e+02  9.924e-01  7.141e-01
 4.230e+02  9.925e-01  7.152e-01
 4.240e+02  9.925e-01  7.164e-01
 4.250e+02  9.926e-01  7.175e-01
 4.260e+02  9.926e-01  7.187e-01
 4.270e+02  9.927e-01  7.198e-01
 4.280e+02  9.927e-01  7.210e-01
 4.290e+02  9.928e-01  7.221e-01
 4.300e+02  9.929e-01  7.233e-01
 4.310e+02  9.929e-01  7.244e-01
 4.320e+02  9.929e-01  7.256e-01
 4.330e+02  9.930e-01  7.267e-01
 4.340e+02  9.930e-01  7.278e-01
 4.350e+02  9.931e-01  7.290e-01
 4.360e+02  9.931e-01  7.301e-01
 4.370e+02  9.932e-01  7.312e-01
 4.380e+02  9.932e-01  7.323e-01
 4.390e+02  9.933e-01  7.334e-01
 4.400e+02  9.933e-01  7.346e-01
 4.410e+02  9.934e-01  7.357e-01
 4.420e+02  9.934e-01  7.368e-01
 4.430e+02  9.935e-01  7.379e-01
 4.440e+02  9.935e-01  7.390e-01
 4.450e+02  9.936e-01  7.401e-01
 4.460e+02  9.936e-01  7.412e-01
 4.470e+02  9.937e-01  7.423e-01
 4.480e+02  9.937e-01  7.434e-01
 4.490e+02  9.938e-01  7.445e-01
 4.500e+02  9.938e-01  7.456e-01
 4.510e+02  9.939e-01  7.467e-01
 4.520e+02  9.939e-01  7.478e-01
 4.530e+02  9.939e-01  7.489e-01
 4.540e+02  9.940e-01  7.500e-01
 4.550e+02  9.940e-01  7.510e-01
 4.560e+02  9.941e-01  7.521e-01
 4.570e+02  9.941e-01  7.532e-01
 4.580e+02  9.942e-01  7.543e-01
 4.590e+02  9.942e-01  7.553e-01
 4.600e+02  9.943e-01  7.564e-01
 4.610e+02  9.943e-01  7.575e-01
 4.620e+02  9.944e-01  7.585e-01
 4.630e+02  9.944e-01  7.596e-01
 4.640e+02  9.944e-01  7.607e-01
 4.650e+02  9.945e-01  7.617e-01
 4.660e+02  9.945e-01  7.628e-01
 4.670e+02  9.946e-01  7.638e-01
 4.680e+02  9.946e-01  7.649e-01
 4.690e+02  9.947e-01  7.659e-01
 4.700e+02  9.947e-01  7.669e-01
 4.710e+02  9.947e-01  7.680e-01
 4.720e+02  9.948e-01  7.690e-01
 4.730e+02  9.948e-01  7.700e-01
 4.740e+02  9.949e-01  7.711e-01
 4.750e+02  9.949e-01  7.721e-01
 4.760e+02  9.949e-01  7.731e-01
 4.770e+02  9.950e-01  7.741e-01
 4.780e+02  9.950e-01  7.752e-01
 4.790e+02  9.951e-01  7.762e-01
 4.800e+02  9.951e-01  7.772e-01
 4.810e+02  9.951e-01  7.782e-01
 4.820e+02  9.952e-01  7.792e-01
 4.830e+02  9.952e-01  7.802e-01
 4.840e+02  9.953e-01  7.812e-01
 4.850e+02  9.953e-01  7.822e-01
 4.860e+02  9.953e-01  7.832e-01
 4.870e+02  9.954e-01  7.842e-01
 4.880e+02  9.954e-01  7.852e-01
 4.890e+02  9.955e-01  7.862e-01
 4.900e+02  9.955e-01  7.872e-01
 4.910e+02  9.955e-01  7.882e-01
 4.920e+02  9.956e-01  7.891e-01
 4.930e+02  9.956e-01  7.901e-01
 4.940e+02  9.957e-01  7.911e-01
 4.950e+02  9.957e-01  7.921e-01
 4.960e+02  9.957e-01  7.930e-01
 4.970e+02  9.958e-01  7.940e-01
 4.980e+02  9.958e-01  7.949e-01
 4.990e+02  9.958e-01  7.959e-01
 5.000e+02  9.959e-01  7.969e-01
